1.000000000000000000e+00 3.170705343320065595e+00
2.000000000000000000e+00 3.595714872503766202e+00
3.000000000000000000e+00 2.758992792736146171e+00
4.000000000000000000e+00 3.047284534779825194e+00
5.000000000000000000e+00 3.594934746961186534e+00
6.000000000000000000e+00 2.902728924777818520e+00
7.000000000000000000e+00 2.951206729122667127e+00
8.000000000000000000e+00 3.543775463440706375e+00
9.000000000000000000e+00 3.039724902279516527e+00
1.000000000000000000e+01 2.908889403669117968e+00
1.100000000000000000e+01 3.455713822327766138e+00
1.200000000000000000e+01 3.140922583693289027e+00
1.300000000000000000e+01 2.922226588143097104e+00
1.400000000000000000e+01 3.354035261972782678e+00
1.500000000000000000e+01 3.196826851146177262e+00
1.600000000000000000e+01 2.970653667192010516e+00
1.700000000000000000e+01 3.263358802461617358e+00
1.800000000000000000e+01 3.213979748686156768e+00
1.900000000000000000e+01 3.027929266909268335e+00
2.000000000000000000e+01 3.198578588329709760e+00
